0 0.825 0.3625 0.0703125 0.3875
0 0.74453125 0.38046875 0.04921875 0.28359375
0 0.95625 0.36953125 0.0875 0.49453125
0 0.69453125 0.36796875 0.03984375 0.25625
0 0.6706871343749999 0.482456140625 0.6697733921875 0.26178728125 0.6451023390625 0.264528509375 0.6451023390625 0.38103070156249996 0.6560672515625 0.40707236875 0.6633771937499999 0.482456140625 0.6706871343749999 0.482456140625
0 0.6423611109375 0.2672697375 0.61951754375 0.2672697375 0.61951754375 0.3673245609375 0.6286549703125 0.376918859375 0.640533625 0.376918859375 0.6423611109375 0.2672697375
0 0.59758771875 0.2864583328125 0.5994152046875 0.365953946875 0.616776315625 0.365953946875 0.6176900578125 0.2837171046875 0.59758771875 0.2864583328125
0 0.0493421046875 0.17543859687500002 0.05025584843749999 0.3330592109375 0.0794956140625 0.33168859687499996 0.0794956140625 0.186403509375 0.0493421046875 0.17543859687500002
0 0.11239035156249999 0.22341008750000002 0.11147660781249999 0.3385416671875 0.15625 0.33991228125 0.1553362578125 0.2494517546875 0.11239035156249999 0.22341008750000002
0 0.1681286546875 0.2658991234375 0.1681286546875 0.342653509375 0.2055921046875 0.342653509375 0.2037646203125 0.2672697375 0.1681286546875 0.2658991234375
0 0.2110745609375 0.2713815796875 0.2110745609375 0.3440241234375 0.24214181250000003 0.3495065796875 0.2412280703125 0.2713815796875 0.2110745609375 0.2713815796875
0 0.2439692984375 0.2754934203125 0.2439692984375 0.3467653515625 0.2704678359375 0.3563596484375 0.26955409375 0.2713815796875 0.2439692984375 0.2754934203125
0 0.7896564328125 0.1858552625 0.7902046781250001 0.1891447375 0.7900219296875 0.2014802625 0.7907529234374999 0.2055921046875 0.7900219296875 0.209703946875 0.78983918125 0.2173793859375 0.790935671875 0.2283442984375 0.7900219296875 0.2319078953125 0.789473684375 0.24067982500000001 0.7896564328125 0.27521929843750004 0.787828946875 0.2944078953125 0.7883771937499999 0.3026315796875 0.7880116953125 0.3067434203125 0.789473684375 0.326206140625 0.7885599421875 0.330043859375 0.788742690625 0.334703946875 0.7881944437499999 0.337445175 0.788742690625 0.3415570171875 0.7881944437499999 0.344846490625 0.7883771937499999 0.3495065796875 0.787828946875 0.3536184203125 0.7869152046875 0.35553728125 0.78125 0.3506030703125 0.7708333328125 0.350328946875 0.767543859375 0.34758771875 0.7668128656250001 0.3459429828125 0.7666301171875001 0.337171053125 0.767543859375 0.3338815796875 0.7658991234375 0.330043859375 0.766081871875 0.325383771875 0.765533625 0.3223684203125 0.766081871875 0.31853070156249996 0.765716375 0.31332236875 0.7668128656250001 0.3103070171875 0.7653508765625 0.3067434203125 0.765168128125 0.301260965625 0.7658991234375 0.28728070156249996 0.7653508765625 0.276864034375 0.765533625 0.2549342109375 0.7640716375000001 0.240953946875 0.759685671875 0.238760965625 0.728435671875 0.2384868421875 0.72496345 0.23958333281250002 0.719115496875 0.23985745625 0.7167397656250001 0.241776315625 0.7141812859375001 0.2401315796875 0.7118055562500001 0.2401315796875 0.7110745609375 0.24780701718749998 0.7127192984375 0.2505482453125 0.7147295328125 0.25082236875 0.715277778125 0.2530153515625 0.712902046875 0.25383771875 0.7123538015624999 0.2552083328125 0.71253655 0.257401315625 0.7138157890625 0.2598684203125 0.7096125734375 0.2639802625 0.7167397656250001 0.2634320171875 0.7185672515625 0.2686403515625 0.7182017546874999 0.2911184203125 0.71875 0.2952302625 0.7178362578125 0.298793859375 0.718384503125 0.3020833328125 0.7178362578125 0.3067434203125 0.7185672515625 0.309758771875 0.71801900625 0.3146929828125 0.71875 0.3259320171875 0.7171052625 0.3283991234375 0.712171053125 0.32730263125 0.7103435671875 0.3229166671875 0.71016081875 0.31332236875 0.7110745609375 0.3103070171875 0.7092470765625001 0.30646929843750004 0.709064328125 0.303453946875 0.71016081875 0.2955043859375 0.7092470765625001 0.29084429843750004 0.709064328125 0.2859100875 0.71016081875 0.278508771875 0.7086988296875 0.27165570156249996 0.7092470765625001 0.2650767546875 0.708150584375 0.2634320171875 0.705043859375 0.262883771875 0.7013888890625 0.2598684203125 0.69133771875 0.2606907890625 0.6843932749999999 0.2598684203125 0.6779970765625001 0.261239034375 0.658991228125 0.26206140312500004 0.6542397656250001 0.264528509375 0.6502192984375 0.2642543859375 0.642543859375 0.2653508765625 0.63834064375 0.267543859375 0.6374269 0.2689144734375 0.633223684375 0.26946271875 0.6310307015625 0.271929825 0.6268274859375 0.26946271875 0.623903509375 0.2724780703125 0.621527778125 0.27275219375000004 0.619152046875 0.2697368421875 0.6186038015624999 0.2713815796875 0.619883040625 0.27521929843750004 0.6189692984375 0.2765899125 0.6173245609375 0.2826206140625 0.6173245609375 0.287554825 0.6162280703125 0.28974780624999996 0.615314328125 0.290570175 0.6045321640625 0.28974780624999996 0.59996345 0.29084429843750004 0.601242690625 0.29331140312500004 0.6027046781250001 0.30290570156249996 0.599597953125 0.30400219375000004 0.5974049703125 0.30071271875 0.59448099375 0.299616228125 0.593384503125 0.2982456140625 0.58991228125 0.2985197375 0.5888157890625 0.2998903515625 0.5858918125 0.30043859687499996 0.5838815796875 0.305098684375 0.580043859375 0.304276315625 0.5783991234375 0.30537280624999996 0.57419590625 0.305921053125 0.5732821640625 0.30646929843750004 0.5701754390625 0.31167763125 0.56487573125 0.313596490625 0.56323099375 0.3157894734375 0.5625 0.3182565796875 0.5626827484375 0.319901315625 0.56323099375 0.320723684375 0.5661549703125 0.3212719296875 0.5670687140624999 0.32209429843750004 0.5665204671875 0.32264254375 0.5639619890625001 0.3234649125 0.5608552625 0.321546053125 0.5564692984375 0.3223684203125 0.555007309375 0.3259320171875 0.5575657890625 0.330043859375 0.55628655 0.334429825 0.5577485375 0.33771929843750004 0.5604897656250001 0.3390899125 0.5626827484375 0.335526315625 0.57108918125 0.3349780703125 0.573099415625 0.3358004390625 0.5740131578125001 0.337171053125 0.5745614031249999 0.33991228125 0.576206140625 0.3415570171875 0.5646929828125 0.34457236875 0.5612207609375 0.342653509375 0.55628655 0.342653509375 0.55226608125 0.34375 0.540935671875 0.3421052625 0.5389254390625 0.3453947375 0.53983918125 0.3560855265625 0.5389254390625 0.362116228125 0.53983918125 0.366776315625 0.5420321640625 0.3728070171875 0.5447733921875 0.3744517546875 0.5577485375 0.3747258765625 0.5604897656250001 0.3755482453125 0.5619517546874999 0.3736293859375 0.5643274859375 0.373081140625 0.5656067250000001 0.3708881578125 0.56798245625 0.3692434203125 0.5760233921875 0.36951754375 0.5798611109375 0.366776315625 0.58826754375 0.36540570156249996 0.588633040625 0.3645833328125 0.58753655 0.361293859375 0.5917397656250001 0.3596491234375 0.5928362578125 0.361293859375 0.59301900625 0.3651315796875 0.594846490625 0.366776315625 0.6063596484375 0.365953946875 0.6111111109375 0.3670504390625 0.6154970765625001 0.36650219375000004 0.6229897656250001 0.3692434203125 0.6251827484375 0.3733552625 0.6268274859375 0.375 0.6472953218749999 0.376096490625 0.6491228062500001 0.376918859375 0.6505847953125 0.379385965625 0.6542397656250001 0.3799342109375 0.65551900625 0.3881578953125 0.6547880109374999 0.3922697375 0.6553362578125 0.397203946875 0.6584429828125 0.4015899125 0.6626461984375001 0.40296052656250003 0.664473684375 0.40460526249999995 0.6646564328125 0.4114583328125 0.6633771937499999 0.4161184203125 0.6626461984375001 0.42351973750000005 0.6631944437499999 0.42735745625000005 0.662828946875 0.43201754374999995 0.6635599421875 0.4372258765625 0.665935671875 0.4416118421875 0.6708698828124999 0.44188596562500004 0.6730628656250001 0.44709429843750004 0.6730628656250001 0.45148026249999995 0.6776315796875 0.45394736875 0.682383040625 0.451206140625 0.679276315625 0.44983552656250003 0.6767178359375 0.4454495609375 0.676169590625 0.4432565796875 0.6770833328125 0.44188596562500004 0.680007309375 0.440241228125 0.6818347953125 0.4372258765625 0.683114034375 0.4405153515625 0.6858552625 0.4432565796875 0.68512426875 0.4481907890625 0.6869517546874999 0.45065789531249995 0.6858552625 0.452028509375 0.6838450296875 0.45230263125 0.683296784375 0.45367324531250003 0.683296784375 0.455043859375 0.686403509375 0.45860745625000005 0.6862207609375 0.4608004390625 0.6853070171875 0.46271929843750004 0.6854897656250001 0.4640899125 0.687134503125 0.46820175468749997 0.6911549703125 0.47039473750000005 0.6906067250000001 0.471491228125 0.68823099375 0.472313596875 0.6869517546874999 0.4739583328125 0.6875 0.4764254390625 0.6895102343749999 0.47834429843750004 0.68823099375 0.480811403125 0.6880482453125001 0.48300438593750006 0.69133771875 0.4841008765625 0.6931652046875 0.48601973750000005 0.6959064328125 0.483278509375 0.6982821640625 0.483278509375 0.6997441515625 0.48519736875 0.7002923984375 0.4890350875 0.701206140625 0.49040570156249996 0.702668128125 0.4890350875 0.703216375 0.48656798281249997 0.70230263125 0.48273026249999995 0.703033625 0.47258771875 0.7017543859375001 0.46655701718750003 0.702668128125 0.45449561406249994 0.7015716375000001 0.452028509375 0.7001096484375 0.45175438593750006 0.6984649125 0.453125 0.6979166671875 0.45559210468750005 0.6970029234374999 0.456688596875 0.6959064328125 0.455043859375 0.6955409359375 0.4528508765625 0.693347953125 0.45093201718750003 0.6946271937499999 0.44983552656250003 0.6953581875 0.445723684375 0.697185671875 0.44353070156249996 0.698830409375 0.444901315625 0.6999269 0.4490131578125 0.701206140625 0.44983552656250003 0.7019371343749999 0.4479166671875 0.70230263125 0.43832236875 0.70084064375 0.436403509375 0.6995614031249999 0.43804824531250003 0.6982821640625 0.4421600875 0.696820175 0.4427083328125 0.6955409359375 0.441063596875 0.6955409359375 0.43092105312499995 0.69608918125 0.42817982499999996 0.696820175 0.4276315796875 0.6955409359375 0.42626096562500004 0.6951754390625 0.423793859375 0.693347953125 0.42105263125 0.6911549703125 0.4216008765625 0.6891447375 0.42434210468750005 0.6842105265625 0.41940789531249995 0.6787280703125 0.4188596484375 0.6776315796875 0.4177631578125 0.676169590625 0.4188596484375 0.673793859375 0.419133771875 0.6730628656250001 0.41803728125 0.6725146203125 0.41557017500000004 0.67415935625 0.4120065796875 0.6728801171875001 0.4103618421875 0.6721491234375 0.40789473750000005 0.6732456140624999 0.4059758765625 0.6776315796875 0.405153509375 0.6825657890625 0.4059758765625 0.684758771875 0.404331140625 0.6834795328125 0.40241228125 0.6801900578125 0.4015899125 0.67891081875 0.3985745609375 0.6765350875 0.3974780703125 0.6752558484375 0.3947368421875 0.6736111109375 0.39418859687499996 0.6730628656250001 0.392543859375 0.6732456140624999 0.384320175 0.67415935625 0.38349780624999996 0.6748903515625 0.38459429843750004 0.6747076015625 0.388706140625 0.6776315796875 0.3930921046875 0.67891081875 0.3911732453125 0.6858552625 0.3884320171875 0.6843932749999999 0.38459429843750004 0.6895102343749999 0.3782894734375 0.7010233921875 0.3782894734375 0.7044956140624999 0.3755482453125 0.709429825 0.3752741234375 0.7118055562500001 0.373903509375 0.7123538015624999 0.3728070171875 0.7119883046875 0.368695175 0.713633040625 0.3651315796875 0.7119883046875 0.361293859375 0.711257309375 0.35553728125 0.7107090640625 0.3453947375 0.7123538015624999 0.3412828953125 0.7108918125 0.33771929843750004 0.7123538015624999 0.3368969296875 0.7150950296875 0.337445175 0.7169225140625 0.339364034375 0.718384503125 0.3451206140625 0.71875 0.351973684375 0.71875 0.3580043859375 0.717653509375 0.3610197375 0.7182017546874999 0.3643092109375 0.7178362578125 0.36896929843750004 0.7185672515625 0.373081140625 0.7165570171875 0.376918859375 0.7178362578125 0.38048245625 0.7172880109374999 0.3848684203125 0.71801900625 0.3889802625 0.7171052625 0.3911732453125 0.7154605265625 0.392543859375 0.7171052625 0.39610745625 0.7156432749999999 0.40076754374999995 0.7174707609375 0.40460526249999995 0.7185672515625 0.4120065796875 0.71801900625 0.414473684375 0.7169225140625 0.41584429843750004 0.7182017546874999 0.41803728125 0.7182017546874999 0.42050438593750006 0.7167397656250001 0.42269736875 0.714364034375 0.423793859375 0.7150950296875 0.4325657890625 0.7138157890625 0.43530701718750003 0.716008771875 0.4375 0.7172880109374999 0.4416118421875 0.7174707609375 0.44380482499999996 0.7165570171875 0.44709429843750004 0.7174707609375 0.450383771875 0.7171052625 0.45531798281249997 0.7178362578125 0.4580592109375 0.717653509375 0.466831140625 0.719115496875 0.46957236875 0.7205774859375 0.470668859375 0.71948099375 0.47423245625000005 0.7205774859375 0.47834429843750004 0.71875 0.482456140625 0.719115496875 0.4942434203125 0.718384503125 0.49945175468749997 0.7167397656250001 0.501918859375 0.7178362578125 0.5046600875 0.717653509375 0.5098684203125 0.71875 0.5131578953125 0.7207602343749999 0.5150767546874999 0.7306286546874999 0.5169956140624999 0.7421418125 0.517543859375 0.7470760234375 0.516721490625 0.7563961984375001 0.5172697375 0.7580409359375 0.5161732453125001 0.7635233921875 0.5150767546874999 0.7640716375000001 0.5134320171875 0.7638888890625 0.5049342109375 0.7644371343749999 0.501918859375 0.763706140625 0.4895833328125 0.7649853796875 0.4791666671875 0.7646198828124999 0.4739583328125 0.7662646203125 0.4657346484375 0.7662646203125 0.46244517500000004 0.767543859375 0.46025219375 0.7701023390625 0.46025219375 0.771564328125 0.4640899125 0.7739400578125 0.4618969296875 0.7775950296875 0.461348684375 0.778508771875 0.45915570156249996 0.7775950296875 0.45696271875 0.7728435671875 0.45449561406249994 0.767543859375 0.45476973750000005 0.7649853796875 0.44353070156249996 0.7649853796875 0.4268092109375 0.7658991234375 0.41639254374999995 0.7668128656250001 0.41228070156249996 0.7666301171875001 0.40789473750000005 0.7653508765625 0.404331140625 0.7668128656250001 0.38103070156249996 0.7658991234375 0.36896929843750004 0.767543859375 0.36650219375000004 0.7796052625 0.3681469296875 0.787097953125 0.365679825 0.7885599421875 0.368695175 0.7889254390625 0.3725328953125 0.7883771937499999 0.38678728125 0.7892909359375 0.405153509375 0.7885599421875 0.40844298281249997 0.7900219296875 0.419133771875 0.7883771937499999 0.423793859375 0.7889254390625 0.42845394687500005 0.7881944437499999 0.43311403437499996 0.7883771937499999 0.435581140625 0.7896564328125 0.43914473750000005 0.7900219296875 0.44407894687500005 0.788742690625 0.460526315625 0.7903874265625 0.47834429843750004 0.7900219296875 0.4884868421875 0.790570175 0.501096490625 0.790570175 0.539473684375 0.791849415625 0.5446820171875 0.794956140625 0.5474232453125001 0.8000731 0.547971490625 0.8059210531250001 0.5455043859375001 0.8066520468749999 0.544956140625 0.8068347953125 0.53673245625 0.8044590640625 0.5334429828125 0.8026315796875 0.532346490625 0.8017178359375 0.529331140625 0.8024488296875001 0.5186403515625 0.8048245609375 0.5158991234375 0.8079312859375 0.5158991234375 0.8095760234375 0.518366228125 0.810489765625 0.518366228125 0.8108552625 0.5169956140624999 0.809027778125 0.512883771875 0.80701754375 0.5115131578125001 0.8048245609375 0.5120614031249999 0.8026315796875 0.514528509375 0.801900584375 0.5095942984375 0.8020833328125001 0.497258771875 0.8024488296875001 0.4953399125 0.8037280703125 0.49396929843750004 0.80226608125 0.4912280703125 0.8024488296875001 0.4884868421875 0.8035453218749999 0.4873903515625 0.8037280703125 0.48601973750000005 0.8026315796875 0.48519736875 0.801169590625 0.48218201718750003 0.8013523390625 0.4739583328125 0.80226608125 0.47094298281249997 0.80226608125 0.46244517500000004 0.8017178359375 0.4599780703125 0.8020833328125001 0.44133771875 0.804276315625 0.43832236875 0.8079312859375 0.4377741234375 0.8097587718750001 0.438596490625 0.8114035093749999 0.44188596562500004 0.8112207609375 0.44764254374999995 0.8123172515625001 0.45449561406249994 0.8119517546875 0.45915570156249996 0.810489765625 0.46217105312499995 0.8055555562500001 0.46271929843750004 0.8055555562500001 0.466831140625 0.8066520468749999 0.467653509375 0.809393275 0.4640899125 0.8103070171875 0.4638157890625 0.8108552625 0.4646381578125 0.8112207609375 0.46792763125 0.8106725140625001 0.47039473750000005 0.8123172515625001 0.4739583328125 0.8119517546875 0.47834429843750004 0.814510234375 0.48273026249999995 0.816703215625 0.47834429843750004 0.8165204671874999 0.4745065796875 0.8172514625 0.466831140625 0.8183479531250001 0.4629934203125 0.81798245625 0.4588815796875 0.8192616953125 0.45148026249999995 0.8199926906250001 0.43914473750000005 0.8223684203125 0.43530701718750003 0.821820175 0.43119517500000004 0.8241959062499999 0.42817982499999996 0.8252923984375 0.419956140625 0.8338815796875 0.41968201718750003 0.8347953218749999 0.4216008765625 0.8362573093749999 0.42242324531250003 0.8415570171875 0.42242324531250003 0.8448464906250001 0.41748903437499996 0.8461257312500001 0.41173245625000005 0.8495979531250001 0.408168859375 0.8503289468749999 0.40186403437499996 0.8514254390625 0.38459429843750004 0.8499634500000001 0.3774671046875 0.85087719375 0.3733552625 0.8510599421875 0.36650219375000004 0.8510599421875 0.3264802625 0.8505116953125 0.319078946875 0.84923245625 0.3141447375 0.8505116953125 0.310581140625 0.8503289468749999 0.2815241234375 0.85087719375 0.2790570171875 0.8483187140625 0.27165570156249996 0.8485014625 0.2631578953125 0.8477704671874999 0.26014254375 0.8483187140625 0.251918859375 0.8499634500000001 0.24917763124999998 0.8495979531250001 0.223135965625 0.8501461984375001 0.2162828953125 0.8495979531250001 0.204221490625 0.847953215625 0.19928728125 0.8463084796875 0.19709429843749998 0.846856725 0.19298245625 0.8448464906250001 0.1896929828125 0.8453947375 0.185581140625 0.8450292390625 0.1806469296875 0.8459429828125 0.1776315796875 0.8446637421875 0.1735197375 0.8419225140625001 0.17105263125 0.8342470765625001 0.17105263125 0.8336988296875001 0.17105263125 0.79459064375 0.1724232453125 0.7920321640625 0.173793859375 0.7902046781250001 0.1776315796875 0.7896564328125 0.1858552625
0 0.9183114031249999 0.1252741234375 0.9126461984375001 0.126918859375 0.9131944437499999 0.148848684375 0.9137426906250001 0.14994517499999999 0.915935671875 0.15021929843749998 0.9135599421875 0.1510416671875 0.9130116953125 0.1529605265625 0.91337719375 0.165296053125 0.9120979531250001 0.16557017499999999 0.9120979531250001 0.1672149125 0.9130116953125 0.1677631578125 0.9131944437499999 0.1696820171875 0.9170321640625 0.1705043859375 0.919956140625 0.1688596484375 0.9212353796875 0.167489034375 0.9223318718750001 0.164473684375 0.9250731 0.163651315625 0.9259868421874999 0.1603618421875 0.9270833328125001 0.1592653515625 0.9294590640625 0.1592653515625 0.9300073093749999 0.16008771875 0.93037280625 0.16419956093750002 0.9331140343750001 0.16584429843749998 0.932383040625 0.1672149125 0.93037280625 0.16803728125 0.9296418125000001 0.169956140625 0.9250731 0.1713267546875 0.9239766078124999 0.1740679828125 0.92105263125 0.173793859375 0.9197733921875001 0.1724232453125 0.9192251468749999 0.1740679828125 0.9131944437499999 0.17571271875 0.9124634500000001 0.17735745625 0.9124634500000001 0.18146929843749998 0.911366959375 0.1891447375 0.9119152046875 0.1932565796875 0.9119152046875 0.23053728125 0.9128289468749999 0.2357456140625 0.9122807015625 0.23958333281250002 0.9122807015625 0.248081140625 0.9131944437499999 0.2513706140625 0.9128289468749999 0.256304825 0.9135599421875 0.26014254375 0.9120979531250001 0.2672697375 0.9115497078124999 0.2743969296875 0.9115497078124999 0.29303728125 0.9124634500000001 0.3001644734375 0.911366959375 0.3067434203125 0.9120979531250001 0.3078399125 0.9122807015625 0.3108552625 0.911366959375 0.31332236875 0.911366959375 0.326206140625 0.9099049703125001 0.3368969296875 0.9106359656249999 0.3442982453125 0.9111842109375001 0.366776315625 0.9124634500000001 0.3728070171875 0.91173245625 0.3766447375 0.9120979531250001 0.3807565796875 0.9110014625 0.3848684203125 0.9124634500000001 0.3884320171875 0.9115497078124999 0.3930921046875 0.9124634500000001 0.3963815796875 0.9120979531250001 0.40021929843750004 0.9126461984375001 0.404331140625 0.911366959375 0.40844298281249997 0.9126461984375001 0.4114583328125 0.91173245625 0.41584429843750004 0.9126461984375001 0.419956140625 0.91008771875 0.423793859375 0.91008771875 0.42516447343749997 0.9102704671874999 0.4276315796875 0.9131944437499999 0.43530701718750003 0.9128289468749999 0.43996710468750005 0.91337719375 0.45093201718750003 0.9126461984375001 0.45449561406249994 0.9126461984375001 0.46326754374999995 0.91337719375 0.466831140625 0.9122807015625 0.470668859375 0.9128289468749999 0.4734100875 0.9126461984375001 0.4764254390625 0.9115497078124999 0.48108552656250003 0.9106359656249999 0.48218201718750003 0.9119152046875 0.48382675468749997 0.9128289468749999 0.4895833328125 0.9111842109375001 0.49396929843750004 0.9124634500000001 0.49917763125 0.9120979531250001 0.5095942984375 0.9139254390625 0.5134320171875 0.91337719375 0.5216557015625 0.9126461984375001 0.523848684375 0.911366959375 0.5252192984375 0.9122807015625 0.53042763125 0.910453215625 0.5370065796875 0.910453215625 0.544956140625 0.9119152046875 0.5482456140624999 0.9122807015625 0.5526315796875 0.9108187140625 0.5545504390625 0.910453215625 0.5608552625 0.9095394734375001 0.563596490625 0.909722221875 0.5655153515625 0.9124634500000001 0.56798245625 0.9108187140625 0.571546053125 0.910453215625 0.575383771875 0.9110014625 0.5778508765625 0.9110014625 0.5959429828125 0.91173245625 0.603070175 0.915935671875 0.60553728125 0.9197733921875001 0.6052631578125001 0.9236111109375 0.60855263125 0.9316520468749999 0.610471490625 0.935489765625 0.61321271875 0.9369517546875 0.615679825 0.9393274859374999 0.617598684375 0.9588815796875 0.617598684375 0.9665570171875 0.6162280703125 0.97258771875 0.616776315625 0.9819078953125 0.6151315796875 0.9870248531250001 0.615953946875 0.98976608125 0.6140350875 0.9943347953125 0.6154057015625 0.9974415203125 0.6118421046875 0.9998172515625001 0.6115679828125 0.9998172515625001 0.585526315625 0.997989765625 0.585526315625 0.9974415203125 0.5841557015625 0.997989765625 0.582510965625 0.9998172515625001 0.582510965625 0.9998172515625001 0.5685307015625 0.9978070171875 0.5682565796875 0.9998172515625001 0.56798245625 0.9998172515625001 0.5315241234375 0.9978070171875 0.5315241234375 0.99451754375 0.5298793859375001 0.989400584375 0.5309758765625 0.986293859375 0.529331140625 0.9839181281249999 0.53125 0.9804459062499999 0.5317982453125001 0.9629020468749999 0.5307017546874999 0.958150584375 0.53125 0.955043859375 0.5298793859375001 0.9521198828124999 0.53125 0.9422514625 0.5309758765625 0.9375 0.5290570171875 0.9367690062499999 0.5276864031249999 0.9365862578125 0.524945175 0.9375 0.5233004390625 0.9393274859374999 0.522203946875 0.9473684203125 0.522203946875 0.9504751468749999 0.5213815796875 0.9566885968750001 0.522203946875 0.959064328125 0.52110745625 0.9630847953125 0.5224780703125 0.966739765625 0.52110745625 0.9685672515625001 0.521929825 0.9716739765625 0.521929825 0.9740497078124999 0.5208333328125 0.9777046781250001 0.521929825 0.9826388890625 0.52110745625 0.984466375 0.5224780703125 0.9872076015625 0.523026315625 0.9901315796875 0.522203946875 0.9952485375 0.5227521937499999 0.997989765625 0.52110745625 0.9998172515625001 0.52110745625 0.9998172515625001 0.41228070156249996 0.9978070171875 0.4120065796875 0.9998172515625001 0.41173245625000005 0.9998172515625001 0.38103070156249996 0.9978070171875 0.3807565796875 0.9998172515625001 0.38048245625 0.9998172515625001 0.2283442984375 0.9978070171875 0.22807017499999999 0.9967105265624999 0.22149122812500002 0.9978070171875 0.21655701718749998 0.9998172515625001 0.2162828953125 0.9998172515625001 0.210526315625 0.9978070171875 0.21025219375 0.9967105265624999 0.20531798281250002 0.9976242687499999 0.20093201718749998 0.9998172515625001 0.20038377187499998 0.9998172515625001 0.1677631578125 0.9925073093749999 0.16831140312499998 0.9910453218749999 0.167489034375 0.9899488296875001 0.16557017499999999 0.9884868421874999 0.1677631578125 0.98519736875 0.16803728125 0.9822733921875001 0.1669407890625 0.9806286546875 0.16803728125 0.976973684375 0.1685855265625 0.9755116953125 0.169956140625 0.9735014625 0.169956140625 0.9724049703125001 0.1688596484375 0.9696637421875 0.16831140312499998 0.9680190062499999 0.16639254375 0.9685672515625001 0.164473684375 0.9720394734375001 0.1631030703125 0.97258771875 0.16008771875 0.973866959375 0.1587171046875 0.9762426906250001 0.1592653515625 0.976973684375 0.16255482500000001 0.978070175 0.16392543906249998 0.980080409375 0.1631030703125 0.9808114031249999 0.16008771875 0.9817251468749999 0.158991228125 0.9830043859375 0.1592653515625 0.984283625 0.1631030703125 0.9857456140625 0.16419956093750002 0.9877558484375 0.163651315625 0.9884868421874999 0.1609100875 0.9899488296875001 0.1592653515625 0.9915935671874999 0.1595394734375 0.99287280625 0.16337719374999998 0.994883040625 0.163651315625 0.99616228125 0.16228070156250002 0.9956140343750001 0.1595394734375 0.99287280625 0.1587171046875 0.991776315625 0.15625 0.98665935625 0.15542763125 0.9859283624999999 0.1540570171875 0.9853801171875001 0.15021929843749998 0.9870248531250001 0.14994517499999999 0.9881213453125 0.1521381578125 0.9915935671874999 0.15241228125 0.9923245609375 0.1521381578125 0.9936038015624999 0.1493969296875 0.99616228125 0.1493969296875 0.9967105265624999 0.15021929843749998 0.99616228125 0.1515899125 0.9936038015624999 0.1532346484375 0.9934210531250001 0.1546052625 0.996527778125 0.15625 0.9978070171875 0.158168859375 0.9998172515625001 0.158168859375 0.9998172515625001 0.1493969296875 0.9970760234375 0.1493969296875 0.9963450296874999 0.14418859687500002 0.9943347953125 0.1430921046875 0.9923245609375 0.1436403515625 0.9923245609375 0.1463815796875 0.9915935671874999 0.14857456093750002 0.9890350874999999 0.14857456093750002 0.9881213453125 0.1463815796875 0.9884868421874999 0.14418859687500002 0.9899488296875001 0.1428179828125 0.9919590640625 0.142543859375 0.986293859375 0.14144736875 0.984283625 0.1392543859375 0.984283625 0.134046053125 0.9870248531250001 0.132401315625 0.9873903515625001 0.1299342109375 0.98665935625 0.12856359687500002 0.9833698828124999 0.126096490625 0.9705774859374999 0.1263706140625 0.9669225140625001 0.125 0.9444444437499999 0.125 0.9432565796875 0.125 0.9316520468749999 0.1266447375 0.9236111109375 0.1266447375 0.9205043859375 0.1252741234375 0.9183114031249999 0.1252741234375
1 0 0 0 0.078125 0.0023757312499999997 0.078125 0.0045687140625 0.080043859375 0.0029239765625 0.082510965625 0 0.08278508749999999 0 0.084703946875 0.0040204671875 0.08525219375000001 0.005847953125 0.08771929843750001 0.01023391875 0.08771929843750001 0.0080409359375 0.08908991250000001 0.0074926906249999994 0.091831140625 0 0.0932017546875 0 0.149671053125 0.0032894734375 0.15021929843749998 0.0025584796875 0.1513157890625 0 0.1515899125 0 0.1650219296875 0.0045687140625 0.16584429843749998 0 0.1666666671875 0 0.1806469296875 0.0032894734375 0.18146929843749998 0.0021929828125 0.1828399125 0 0.1828399125 0 0.195723684375 0.010416667187500001 0.19709429843749998 0.0076754390625 0.1984649125 0.007127193749999999 0.201206140625 0.0060307015625 0.20230263124999998 0.005116959375 0.202028509375 0.0036549703125 0.19956140312499998 0 0.1990131578125 0 0.212171053125 0.0034722218749999997 0.2127192984375 0 0.21354166718749998 0 0.32099780624999996 0.0032894734375 0.32099780624999996 0.005847953125 0.319901315625 0.008223684375 0.32209429843750004 0.0076754390625 0.3259320171875 0.0091374265625 0.3267543859375 0.012426900000000001 0.3259320171875 0.014254385937499999 0.3234649125 0.015168128125 0.3193530703125 0.0162646203125 0.3182565796875 0.015350876562499999 0.3141447375 0.017543859375 0.3119517546875 0.019919590625 0.3141447375 0.019188596875 0.3182565796875 0.021564328125 0.31962719375000004 0.022295321875 0.32209429843750004 0.0224780703125 0.326206140625 0.02503655 0.32894736875 0.028691520312500003 0.3303179828125 0.0317982453125 0.3278508765625 0.036732456250000003 0.326206140625 0.04459064375 0.32894736875 0.0462353796875 0.32730263125 0.0500731 0.326206140625 0.047697368750000003 0.32209429843750004 0.048793859375 0.3204495609375 0.051169590625000004 0.31962719375000004 0.0526315796875 0.3171600875 0.0561038015625 0.32209429843750004 0.0557383046875 0.326206140625 0.056652046874999994 0.3267543859375 0.0595760234375 0.3259320171875 0.061403509375 0.32428728125 0.061951754687500006 0.321546053125 0.064510234375 0.3201754390625 0.065972221875 0.3182565796875 0.062317251562499995 0.3146929828125 0.0625 0.3119517546875 0.0643274859375 0.3103070171875 0.062134503125 0.309758771875 0.06122076093749999 0.3075657890625 0.06122076093749999 0.30646929843750004 0.0625 0.3048245609375 0.06633771875 0.3026315796875 0.0625 0.298793859375 0.06323099374999999 0.2971491234375 0.0650584796875 0.29605263125 0.065606725 0.2944078953125 0.0646929828125 0.29303728125 0.061403509375 0.2911184203125 0.062134503125 0.2900219296875 0.064510234375 0.289473684375 0.0670687140625 0.2870065796875 0.0661549703125 0.285635965625 0.062134503125 0.283168859375 0.06286549687500001 0.2817982453125 0.065241228125 0.2809758765625 0.066885965625 0.279331140625 0.06633771875 0.2771381578125 0.06414473750000001 0.27521929843750004 0.0665204671875 0.2743969296875 0.068347953125 0.2724780703125 0.072185671875 0.27576754375 0.07602339218750001 0.274671053125 0.07730263125 0.272203946875 0.07894736875 0.2713815796875 0.0774853796875 0.2705592109375 0.076206140625 0.268366228125 0.07602339218750001 0.262883771875 0.0751096484375 0.2615131578125 0.072185671875 0.2606907890625 0.070723684375 0.2661732453125 0.06816520468750001 0.268366228125 0.06633771875 0.2672697375 0.0661549703125 0.2623355265625 0.064510234375 0.25959429843750004 0.06816520468750001 0.25603070156249996 0.07602339218750001 0.2568530703125 0.07693713437500001 0.2557565796875 0.08095760156250001 0.2557565796875 0.0767543859375 0.25548245625 0.07602339218750001 0.2546600875 0.0720029234375 0.2557565796875 0.069078946875 0.254385965625 0.067616959375 0.251918859375 0.065972221875 0.25082236875 0.064510234375 0.24671052656249998 0.0626827484375 0.246436403125 0.0615862578125 0.24479166718749998 0.061951754687500006 0.243421053125 0.0654239765625 0.2412280703125 0.065972221875 0.23985745625 0.059758771875000005 0.237938596875 0.0486111109375 0.2401315796875 0.046966375 0.2368421046875 0.046418128125 0.229989034375 0.0471491234375 0.2245065796875 0.0466008765625 0.212171053125 0.0486111109375 0.2088815796875 0.0471491234375 0.20531798281250002 0.047331871875 0.201206140625 0.0466008765625 0.19682017499999999 0.0471491234375 0.19517543906249998 0.0489766078125 0.1932565796875 0.047697368750000003 0.1916118421875 0.0471491234375 0.1888706140625 0.0486111109375 0.18667763125 0.0515350875 0.1858552625 0.056652046874999994 0.1872258765625 0.0626827484375 0.1858552625 0.06323099374999999 0.1853070171875 0.06176900625 0.180098684375 0.0606725140625 0.179276315625 0.059027778125 0.17955043906249998 0.0564692984375 0.1825657890625 0.055190057812500005 0.18146929843749998 0.05445906406249999 0.17900219374999998 0.0524488296875 0.17817982500000001 0.051352339062499995 0.179276315625 0.050438596875 0.1828399125 0.0484283625 0.18366228125 0.0471491234375 0.18201754375 0.046418128125 0.179276315625 0.04294590625 0.1776315796875 0.0455043859375 0.17571271875 0.0462353796875 0.1735197375 0.044956140625 0.1721491234375 0.0422149125 0.171875 0.040935671875 0.169133771875 0.040204678125 0.1696820171875 0.039473684375 0.1721491234375 0.036915204687499995 0.1724232453125 0.0330774859375 0.17543859687500002 0.030884503125 0.1713267546875 0.027960526562499997 0.1696820171875 0.0303362578125 0.1669407890625 0.03125 0.16419956093750002 0.032346490625 0.163651315625 0.03508771875 0.16392543906249998 0.036915204687499995 0.1666666671875 0.0385599421875 0.16474780625000002 0.040935671875 0.16419956093750002 0.0537280703125 0.16419956093750002 0.062134503125 0.16557017499999999 0.06176900625 0.1702302625 0.0630482453125 0.171875 0.066703215625 0.1735197375 0.065972221875 0.1751644734375 0.063596490625 0.1765350875 0.06286549687500001 0.17790570156250002 0.073099415625 0.17955043906249998 0.07456140312500001 0.18037280625000002 0.07602339218750001 0.1825657890625 0.0778508765625 0.1828399125 0.0787646203125 0.18393640312499998 0.0796783625 0.189418859375 0.0783991234375 0.19106359687500002 0.078033625 0.19353070156250002 0.08168859687499999 0.19709429843749998 0.07894736875 0.201206140625 0.08205409375 0.2047697375 0.08132310000000001 0.20778508750000002 0.07986111093750001 0.2088815796875 0.0818713453125 0.2099780703125 0.083150584375 0.2129934203125 0.08205409375 0.21491228125 0.07931286562499999 0.21655701718749998 0.0822368421875 0.220668859375 0.0787646203125 0.222313596875 0.078033625 0.2245065796875 0.080043859375 0.226151315625 0.08698830468749999 0.226973684375 0.089364034375 0.2283442984375 0.0838815796875 0.2319078953125 0.07931286562499999 0.23218201718749998 0.07986111093750001 0.2330043859375 0.0838815796875 0.2327302625 0.0889985375 0.2360197375 0.08753655 0.2373903515625 0.0838815796875 0.23821271875 0.0815058484375 0.2401315796875 0.0900950296875 0.2439692984375 0.08570906406249999 0.24780701718749998 0.089546784375 0.2502741234375 0.090277778125 0.2521929828125 0.0891812859375 0.25383771875 0.08570906406249999 0.2557565796875 0.09137426875 0.2579495609375 0.096491228125 0.2557565796875 0.0942982453125 0.2546600875 0.0928362578125 0.2524671046875 0.0928362578125 0.2475328953125 0.09210526249999999 0.2439692984375 0.09448099374999999 0.24150219375 0.0985014625 0.2401315796875 0.0932017546875 0.236293859375 0.097222221875 0.2338267546875 0.0985014625 0.2319078953125 0.0977704671875 0.23053728125 0.09375 0.2283442984375 0.0990497078125 0.2266995609375 0.10288742656250001 0.2245065796875 0.09941520468750001 0.2217653515625 0.0955774859375 0.2217653515625 0.0939327484375 0.22094298281250002 0.0928362578125 0.21244517499999999 0.09411549687500001 0.2108004390625 0.097953215625 0.21025219375 0.09941520468750001 0.2080592109375 0.1021564328125 0.209703946875 0.105080409375 0.2099780703125 0.1087353796875 0.2146381578125 0.109466375 0.21902412343750002 0.1118421046875 0.2203947375 0.1111111109375 0.2217653515625 0.109283625 0.22203947343750002 0.10709064374999999 0.22423245625 0.1056286546875 0.2245065796875 0.10727339218750001 0.2245065796875 0.112938596875 0.2283442984375 0.10891812812499999 0.2302631578125 0.10800438593749999 0.23218201718749998 0.1087353796875 0.2338267546875 0.11202485312499999 0.2349232453125 0.1154970765625 0.23355263124999998 0.118421053125 0.2349232453125 0.121893275 0.23519736875000002 0.1290204671875 0.234375 0.130847953125 0.2327302625 0.1354166671875 0.2338267546875 0.13706140312499998 0.23464912343750002 0.13961988281249998 0.24067982500000001 0.140533625 0.24150219375 0.1451023390625 0.2423245609375 0.1463815796875 0.2439692984375 0.14766081874999998 0.24287280625 0.15076754375 0.24287280625 0.15168128593750002 0.24369517499999999 0.15076754375 0.245614034375 0.1489400578125 0.24616228125 0.148026315625 0.2475328953125 0.15003655 0.24972587656249998 0.154239765625 0.2516447375 0.1560672515625 0.25082236875 0.15972222187500001 0.2513706140625 0.16008771875 0.2524671046875 0.1595394734375 0.2546600875 0.1578947375 0.2557565796875 0.159356725 0.25603070156249996 0.1602704671875 0.2576754390625 0.16008771875 0.26178728125 0.15807748593749998 0.2634320171875 0.15972222187500001 0.2653508765625 0.16008771875 0.267543859375 0.158260234375 0.2713815796875 0.1595394734375 0.273026315625 0.160635965625 0.27741228125 0.1619152046875 0.2790570171875 0.1610014625 0.28728070156249996 0.1611842109375 0.2911184203125 0.162097953125 0.292489034375 0.163742690625 0.2870065796875 0.162828946875 0.2842653515625 0.162828946875 0.2815241234375 0.1635599421875 0.280153509375 0.165935671875 0.2796052625 0.1677631578125 0.28042763125 0.16959064375 0.28481359687499996 0.1703216375 0.2828947375 0.169956140625 0.2669956140625 0.1694078953125 0.267543859375 0.1688596484375 0.27576754375 0.165935671875 0.2782346484375 0.16483918125000002 0.2765899125 0.1635599421875 0.26918859687499996 0.16337719374999998 0.265625 0.16392543906249998 0.2634320171875 0.16337719374999998 0.2587719296875 0.1646564328125 0.2568530703125 0.16758040937500002 0.2557565796875 0.1673976609375 0.25383771875 0.1650219296875 0.251918859375 0.1663011703125 0.251096490625 0.1686769 0.2524671046875 0.17141812812499999 0.2524671046875 0.1776315796875 0.24972587656249998 0.1811038015625 0.251096490625 0.185489765625 0.24972587656249998 0.1862207609375 0.2513706140625 0.1865862578125 0.256304825 0.1891447375 0.259046053125 0.1911549703125 0.25959429843750004 0.1889619890625 0.2604166671875 0.1876827484375 0.262883771875 0.1876827484375 0.263706140625 0.18932748593749998 0.2653508765625 0.1990131578125 0.2650767546875 0.201206140625 0.2623355265625 0.202668128125 0.26480263125 0.20833333281250002 0.2650767546875 0.2088815796875 0.266721490625 0.20906432812500003 0.26480263125 0.209795321875 0.2642543859375 0.21546052656249998 0.263706140625 0.2107090640625 0.2623355265625 0.209795321875 0.2609649125 0.2099780703125 0.259320175 0.21253655 0.2579495609375 0.216739765625 0.25849780624999996 0.2178362578125 0.25959429843750004 0.21692251406250002 0.2634320171875 0.2174707609375 0.2661732453125 0.2311769 0.2658991234375 0.236293859375 0.2672697375 0.234466375 0.2705592109375 0.234466375 0.27165570156249996 0.236293859375 0.274671053125 0.24159356718749997 0.274945175 0.2412280703125 0.279331140625 0.246893275 0.2828947375 0.24597953281249998 0.28508771875 0.24305555625 0.28673245625 0.24378655 0.287554825 0.24817251406250002 0.287828946875 0.24963450312500002 0.2870065796875 0.2485380109375 0.283168859375 0.25073099375 0.2815241234375 0.2677266078125 0.2807017546875 0.2693713453125 0.283168859375 0.2673611109375 0.2870065796875 0.2713815796875 0.2891995609375 0.27777777812500004 0.2889254390625 0.2841739765625 0.290570175 0.2841739765625 0.29139254375 0.2828947375 0.2919407890625 0.2810672515625 0.2944078953125 0.2827119890625 0.296875 0.2845394734375 0.2966008765625 0.287097953125 0.294133771875 0.2892909359375 0.2966008765625 0.2962353796875 0.30071271875 0.296783625 0.30290570156249996 0.2982456140625 0.304276315625 0.3009868421875 0.30400219375000004 0.30391081875000003 0.3020833328125 0.30537280624999996 0.298793859375 0.306652046875 0.29769736875 0.3103070171875 0.3067434203125 0.3141447375 0.31167763125 0.3181652046875 0.3094846484375 0.321454678125 0.310581140625 0.3263888890625 0.3100328953125 0.329312865625 0.311403509375 0.33168859687499996 0.3111293859375 0.33406432812500003 0.3094846484375 0.336257309375 0.311403509375 0.339364034375 0.3125 0.3419225140625 0.315241228125 0.3428362578125 0.314418859375 0.3432017546875 0.309758771875 0.342653509375 0.3048245609375 0.34173976562499997 0.3026315796875 0.3442982453125 0.29769736875 0.3470394734375 0.296875 0.349597953125 0.298793859375 0.3514254390625 0.2963267546875 0.35325292343750003 0.2952302625 0.357456140625 0.2966008765625 0.358187134375 0.2946820171875 0.3572733921875 0.2935855265625 0.3538011703125 0.2944078953125 0.35233918124999997 0.2935855265625 0.3514254390625 0.2916666671875 0.351973684375 0.288651315625 0.35325292343750003 0.2870065796875 0.3556286546875 0.2859100875 0.3576388890625 0.2859100875 0.3607456140625 0.28837719375000004 0.36531432812500003 0.2881030703125 0.3676900578125 0.2859100875 0.368421053125 0.2837171046875 0.36805555624999997 0.2807017546875 0.3622076015625 0.27768640312500004 0.360562865625 0.2782346484375 0.3591008765625 0.2807017546875 0.3580043859375 0.28125 0.355080409375 0.2807017546875 0.35325292343750003 0.2787828953125 0.3516081875 0.2817982453125 0.348866959375 0.282346490625 0.3455774859375 0.2842653515625 0.3439327484375 0.28125 0.3181652046875 0.2809758765625 0.3137792390625 0.2798793859375 0.3125 0.2782346484375 0.31176900625 0.27521929843750004 0.31323099375 0.2713815796875 0.3123172515625 0.2680921046875 0.3125 0.265625 0.313596490625 0.2639802625 0.3150584796875 0.2634320171875 0.313596490625 0.26178728125 0.31323099375 0.25959429843750004 0.31487573125 0.2579495609375 0.3181652046875 0.2604166671875 0.3188961984375 0.25849780624999996 0.321454678125 0.25548245625 0.3192616953125 0.2513706140625 0.316703215625 0.25 0.31451023437500003 0.246436403125 0.3057383046875 0.2450657890625 0.305007309375 0.2439692984375 0.30555555624999997 0.24150219375 0.31048976562499997 0.23903508750000002 0.311403509375 0.241776315625 0.3126827484375 0.24287280625 0.318347953125 0.2431469296875 0.3223684203125 0.2420504390625 0.3260233921875 0.2431469296875 0.3287646203125 0.2401315796875 0.328033625 0.2360197375 0.329312865625 0.2338267546875 0.3336988296875 0.2319078953125 0.3373538015625 0.23355263124999998 0.3545321640625 0.2330043859375 0.357456140625 0.2338267546875 0.3607456140625 0.2327302625 0.3651315796875 0.23355263124999998 0.36896929843750004 0.23218201718749998 0.3740862578125 0.23218201718749998 0.3768274859375 0.22807017499999999 0.378106725 0.229989034375 0.38103070156249996 0.2313596484375 0.382492690625 0.2302631578125 0.38450292343750003 0.2266995609375 0.3885233921875 0.22807017499999999 0.3971125734375 0.2264254390625 0.39912280624999996 0.2283442984375 0.399671053125 0.232456140625 0.404239765625 0.2327302625 0.40661549687500004 0.23218201718749998 0.40807748593750004 0.229989034375 0.4119152046875 0.230811403125 0.4157529234375 0.2245065796875 0.4135599421875 0.2203947375 0.41538742656250005 0.21902412343750002 0.41684941562500005 0.21902412343750002 0.4197733921875 0.2201206140625 0.419956140625 0.2212171046875 0.4161184203125 0.2245065796875 0.419956140625 0.22724780625 0.42068713437499994 0.23218201718749998 0.421418128125 0.233278509375 0.424524853125 0.23464912343750002 0.43987573125 0.23410087656249998 0.44353070156249996 0.23519736875000002 0.44608918124999997 0.23410087656249998 0.4588815796875 0.234375 0.46491228125 0.233278509375 0.47277046718750004 0.234375 0.4826388890625 0.2330043859375 0.4890350875 0.23464912343750002 0.4936038015625 0.23355263124999998 0.497989765625 0.23355263124999998 0.5016447375 0.23464912343750002 0.5135233921875 0.2338267546875 0.5213815796875 0.235471490625 0.5222953218749999 0.2368421046875 0.5222953218749999 0.2401315796875 0.5243055562500001 0.2439692984375 0.5222953218749999 0.24725877187499998 0.5224780703125 0.248903509375 0.5252192984375 0.2513706140625 0.5294225140625 0.2521929828125 0.5325292390625 0.2505482453125 0.53673245625 0.2502741234375 0.5376461984375001 0.248081140625 0.5411184203125 0.24780701718749998 0.5383771937499999 0.24780701718749998 0.53746345 0.2469846484375 0.537097953125 0.2442434203125 0.5389254390625 0.2420504390625 0.5447733921875 0.240953946875 0.54915935625 0.24150219375 0.5509868421874999 0.2404057015625 0.5506213453125001 0.23903508750000002 0.5475146203125 0.237938596875 0.5462353796875 0.236293859375 0.54769736875 0.23464912343750002 0.5509868421874999 0.233278509375 0.55226608125 0.230811403125 0.5535453218749999 0.2302631578125 0.5557383046875 0.22724780625 0.5604897656250001 0.2275219296875 0.563596490625 0.22423245625 0.5637792390625 0.220668859375 0.5645102343749999 0.219846490625 0.576206140625 0.2182017546875 0.5793128656250001 0.219846490625 0.5827850875 0.2203947375 0.5836988296875 0.22258771875 0.587902046875 0.2203947375 0.5889985375 0.2217653515625 0.5922880109374999 0.22258771875 0.5939327484375 0.225328946875 0.5950292390625 0.22587719375 0.5994152046875 0.2256030703125 0.606725146875 0.226973684375 0.6151315796875 0.225328946875 0.618421053125 0.2266995609375 0.6229897656250001 0.2266995609375 0.6281067250000001 0.2245065796875 0.6262792390625 0.22395833281250002 0.6244517546874999 0.2217653515625 0.6240862578125 0.220668859375 0.6255482453125001 0.21957236875000002 0.638706140625 0.219846490625 0.6396198828124999 0.220668859375 0.6385233921875 0.22423245625 0.6345029234374999 0.22341008750000002 0.6326754390625 0.2245065796875 0.6385233921875 0.2245065796875 0.641081871875 0.2283442984375 0.63980263125 0.2319078953125 0.6403508765625 0.2330043859375 0.6513157890625 0.233278509375 0.6542397656250001 0.2319078953125 0.6580774859375 0.235471490625 0.6635599421875 0.236293859375 0.665935671875 0.23519736875000002 0.669225146875 0.237938596875 0.6701388890625 0.237938596875 0.6716008765625 0.23519736875000002 0.67269736875 0.23464912343750002 0.6842105265625 0.236293859375 0.6884137421875 0.23519736875000002 0.701206140625 0.23464912343750002 0.7046783624999999 0.2360197375 0.705043859375 0.2401315796875 0.705043859375 0.23766447343750002 0.7055921046875 0.23656798281250002 0.7165570171875 0.23410087656249998 0.7286184203125 0.2338267546875 0.73209064375 0.2349232453125 0.7401315796875 0.233278509375 0.7505482453125001 0.23464912343750002 0.7635233921875 0.23410087656249998 0.7653508765625 0.23656798281250002 0.7669956140624999 0.2439692984375 0.765716375 0.2475328953125 0.7666301171875001 0.2516447375 0.765716375 0.25603070156249996 0.7673611109375 0.25959429843750004 0.766081871875 0.2634320171875 0.765716375 0.2713815796875 0.7671783624999999 0.27521929843750004 0.7658991234375 0.2787828953125 0.76644736875 0.2826206140625 0.7658991234375 0.287554825 0.767543859375 0.29084429843750004 0.7658991234375 0.294956140625 0.7673611109375 0.2971491234375 0.7711988296875 0.2955043859375 0.776864034375 0.2955043859375 0.7783260234375 0.2946820171875 0.773026315625 0.2935855265625 0.771564328125 0.2919407890625 0.771564328125 0.287828946875 0.773026315625 0.285635965625 0.7733918125 0.283168859375 0.7748538015624999 0.2817982453125 0.7792397656250001 0.282346490625 0.7807017546874999 0.2809758765625 0.7843567250000001 0.2796052625 0.785453215625 0.2765899125 0.787097953125 0.2760416671875 0.7883771937499999 0.27165570156249996 0.7881944437499999 0.266721490625 0.787097953125 0.263706140625 0.7872807015625 0.25959429843750004 0.7885599421875 0.2557565796875 0.788742690625 0.252741228125 0.788742690625 0.2475328953125 0.787828946875 0.2439692984375 0.788742690625 0.2360197375 0.787097953125 0.23218201718749998 0.7881944437499999 0.2203947375 0.7849049703125 0.21600877187499998 0.785453215625 0.21408991249999998 0.787097953125 0.21244517499999999 0.7880116953125 0.20641447343750002 0.7880116953125 0.201206140625 0.7891081875 0.19709429843749998 0.7876461984375001 0.1932565796875 0.787828946875 0.1891447375 0.785635965625 0.1861293859375 0.7841739765625 0.18146929843749998 0.787097953125 0.17900219374999998 0.7876461984375001 0.173793859375 0.7889254390625 0.1716008765625 0.794225146875 0.169956140625 0.79769736875 0.1716008765625 0.8092105265624999 0.1716008765625 0.8177997078124999 0.169956140625 0.8243786546875 0.170778509375 0.8342470765625001 0.1696820171875 0.8375365499999999 0.17105263125 0.841739765625 0.1702302625 0.8453947375 0.173793859375 0.8444809937500001 0.1768092109375 0.8452119890625 0.17955043906249998 0.845760234375 0.18037280625000002 0.8483187140625 0.1806469296875 0.8501461984375001 0.1828399125 0.8503289468749999 0.185581140625 0.8495979531250001 0.1877741234375 0.8486842109375001 0.1869517546875 0.8477704671874999 0.183114034375 0.8455774859374999 0.1828399125 0.8448464906250001 0.1850328953125 0.8453947375 0.189418859375 0.8442982453125 0.1932565796875 0.8455774859374999 0.19682017499999999 0.8481359656249999 0.19517543906249998 0.8494152046875 0.1932565796875 0.8499634500000001 0.194078946875 0.8506944437499999 0.19682017499999999 0.8501461984375001 0.202028509375 0.8512426906250001 0.205043859375 0.8505116953125 0.2088815796875 0.8525219296875 0.2127192984375 0.8510599421875 0.216831140625 0.8532529234374999 0.21902412343750002 0.8565423984375 0.219846490625 0.8578216375000001 0.22203947343750002 0.8583698828124999 0.225328946875 0.857456140625 0.2283442984375 0.85855263125 0.2294407890625 0.8600146203125 0.23410087656249998 0.8629385968750001 0.23410087656249998 0.8651315796875 0.23053728125 0.8671418125000001 0.2338267546875 0.8702485375 0.23410087656249998 0.87116228125 0.2330043859375 0.871893275 0.2294407890625 0.872989765625 0.227796053125 0.8739035093749999 0.23355263124999998 0.875365496875 0.2349232453125 0.8890716375000001 0.23519736875000002 0.8963815796875 0.2338267546875 0.90241228125 0.234375 0.908260234375 0.233278509375 0.9089912281249999 0.23218201718749998 0.9084429828125 0.2283442984375 0.9108187140625 0.22395833281250002 0.9099049703125001 0.2162828953125 0.9091739765625 0.214364034375 0.9075292390625 0.2127192984375 0.9106359656249999 0.21025219375 0.91173245625 0.2055921046875 0.9115497078124999 0.20038377187499998 0.9122807015625 0.19709429843749998 0.91173245625 0.19298245625 0.9126461984375001 0.189418859375 0.9108187140625 0.185581140625 0.9102704671874999 0.18146929843749998 0.9122807015625 0.1776315796875 0.9124634500000001 0.1735197375 0.9110014625 0.1702302625 0.9110014625 0.167489034375 0.9128289468749999 0.1620065796875 0.9122807015625 0.1578947375 0.9099049703125001 0.1540570171875 0.9091739765625 0.1513157890625 0.9080774859374999 0.15021929843749998 0.910453215625 0.14912280625000002 0.9119152046875 0.1463815796875 0.911366959375 0.142543859375 0.9075292390625 0.13459429843749998 0.9095394734375001 0.13103070156250002 0.9086257312500001 0.1266447375 0.915570175 0.12362938593749999 0.9203216375000001 0.12362938593749999 0.923062865625 0.1247258765625 0.9325657890624999 0.1244517546875 0.9404239765625 0.12335526249999999 0.94298245625 0.122258771875 0.947185671875 0.123081140625 0.9504751468749999 0.121436403125 0.955043859375 0.12335526249999999 0.95851608125 0.1217105265625 0.9629020468749999 0.1228070171875 0.9663742687499999 0.120614034375 0.9702119890625 0.12362938593749999 0.9744152046875 0.122258771875 0.9782529234374999 0.12362938593749999 0.9822733921875001 0.1225328953125 0.9861111109375 0.12417763125 0.990314328125 0.123081140625 0.9936038015624999 0.1247258765625 0.9998172515625001 0.12362938593749999 0.9998172515625001 0 0.9989033265625 0 0 0
1 0.586257309375 0.2516447375 0.5836988296875 0.25082236875 0.5769371343749999 0.2557565796875 0.5826023390625 0.2579495609375 0.5838815796875 0.259320175 0.5857090640625 0.259320175 0.5858918125 0.2639802625 0.5868055562500001 0.2653508765625 0.589364034375 0.26480263125 0.5900950296875 0.2626096484375 0.5917397656250001 0.2609649125 0.5924707609375 0.262883771875 0.5921052625 0.2672697375 0.593384503125 0.26946271875 0.59375 0.2724780703125 0.5968567250000001 0.27521929843750004 0.5957602343749999 0.2765899125 0.5915570171875 0.276864034375 0.5853435671875 0.2796052625 0.5833333328125 0.2796052625 0.58205409375 0.2771381578125 0.578216375 0.2760416671875 0.577668128125 0.27521929843750004 0.5793128656250001 0.2708333328125 0.5769371343749999 0.2669956140625 0.575475146875 0.2669956140625 0.57273391875 0.2689144734375 0.56871345 0.2678179828125 0.5564692984375 0.268366228125 0.555921053125 0.2669956140625 0.556652046875 0.2653508765625 0.55866228125 0.2626096484375 0.561403509375 0.2615131578125 0.5625 0.258223684375 0.565241228125 0.2557565796875 0.5623172515625 0.254385965625 0.5604897656250001 0.251096490625 0.5575657890625 0.25356359687499996 0.5526315796875 0.2524671046875 0.5484283624999999 0.25356359687499996 0.5471491234375 0.2546600875 0.546418128125 0.2557565796875 0.5478801171875001 0.25959429843750004 0.5462353796875 0.265625 0.5447733921875 0.267543859375 0.544956140625 0.271929825 0.540935671875 0.2702850875 0.537097953125 0.26644736875 0.53508771875 0.266721490625 0.5332602343749999 0.2686403515625 0.5327119890625001 0.268366228125 0.531615496875 0.2650767546875 0.5292397656250001 0.264528509375 0.5283260234375 0.2634320171875 0.5299707609375 0.2604166671875 0.5296052625 0.259046053125 0.526864034375 0.259320175 0.5244883046875 0.2615131578125 0.5233918125 0.2661732453125 0.5221125734375 0.267543859375 0.52266081875 0.2713815796875 0.5217470765625001 0.272203946875 0.520650584375 0.271929825 0.51955409375 0.2702850875 0.5171783624999999 0.2697368421875 0.5138888890625 0.26644736875 0.5021929828125 0.264528509375 0.49707602343749996 0.2672697375 0.49597953281249996 0.270010965625 0.49396929843750004 0.2705592109375 0.491776315625 0.26644736875 0.4873903515625 0.26480263125 0.4873903515625 0.2634320171875 0.48830409374999995 0.26206140312500004 0.4921418125 0.2598684203125 0.491776315625 0.2568530703125 0.4899488296875 0.2532894734375 0.4859283625 0.254385965625 0.4846491234375 0.2557565796875 0.4846491234375 0.2598684203125 0.4861111109375 0.2650767546875 0.4873903515625 0.2661732453125 0.4873903515625 0.2672697375 0.48300438593750006 0.2689144734375 0.480080409375 0.2713815796875 0.48300438593750006 0.2765899125 0.48318713437499994 0.2790570171875 0.4826388890625 0.2796052625 0.47569444375 0.279331140625 0.4771564328125 0.2713815796875 0.47478070156249996 0.2689144734375 0.46655701718750003 0.2697368421875 0.46271929843750004 0.2713815796875 0.45906432812500003 0.2686403515625 0.45540935625 0.2702850875 0.453581871875 0.270010965625 0.45084064375 0.26644736875 0.4499269 0.270010965625 0.44718567187499997 0.2733004390625 0.44353070156249996 0.267543859375 0.4431652046875 0.263706140625 0.4427997078125 0.2680921046875 0.44097222187499996 0.2702850875 0.43804824531250003 0.2713815796875 0.440241228125 0.272203946875 0.4420687140625 0.27521929843750004 0.44078947343749997 0.27768640312500004 0.43914473750000005 0.278508771875 0.4373172515625 0.2771381578125 0.43676900625000004 0.2735745609375 0.4360380109375 0.27275219375000004 0.43146929843750004 0.27412280624999996 0.4270833328125 0.2708333328125 0.42324561406249994 0.2708333328125 0.42196637499999995 0.270010965625 0.4197733921875 0.2658991234375 0.41739766093749997 0.26946271875 0.4139254390625 0.2713815796875 0.40953947343749997 0.2754934203125 0.40625 0.2765899125 0.404239765625 0.279331140625 0.39784356718749997 0.278508771875 0.3971125734375 0.27768640312500004 0.39656432812500003 0.274945175 0.395650584375 0.27521929843750004 0.3943713453125 0.27741228125 0.3923611109375 0.27768640312500004 0.38834064375 0.273848684375 0.38724415156249997 0.27521929843750004 0.3859649125 0.2790570171875 0.38358918124999997 0.280153509375 0.3764619890625 0.28207236875 0.3737207609375 0.2817982453125 0.3728070171875 0.2798793859375 0.3724415203125 0.2828947375 0.3735380109375 0.2842653515625 0.373903509375 0.28728070156249996 0.3720760234375 0.29084429843750004 0.37426900625 0.292489034375 0.376096490625 0.296875 0.37975146249999997 0.298793859375 0.37902046718750004 0.3026315796875 0.38121345 0.303453946875 0.38450292343750003 0.30071271875 0.3865131578125 0.3026315796875 0.384320175 0.306195175 0.384320175 0.310581140625 0.3876096484375 0.31167763125 0.38706140312500004 0.3182565796875 0.3885233921875 0.3204495609375 0.3919956140625 0.3193530703125 0.3963815796875 0.3193530703125 0.3989400578125 0.32099780624999996 0.40405701718750003 0.321546053125 0.40533625781250004 0.3231907890625 0.4060672515625 0.3264802625 0.40698099374999996 0.3278508765625 0.41429093593750005 0.3311403515625 0.4150219296875 0.3338815796875 0.41794590625000005 0.3349780703125 0.42050438593750006 0.337445175 0.421418128125 0.3412828953125 0.4221491234375 0.3421052625 0.4276315796875 0.34292763125 0.4431652046875 0.3415570171875 0.4470029234375 0.345668859375 0.44718567187499997 0.34923245625 0.4541301171875 0.350054825 0.45650584843750003 0.3495065796875 0.453581871875 0.3486842109375 0.4528508765625 0.34758771875 0.452668128125 0.3453947375 0.45431286562500006 0.34375 0.4586988296875 0.344846490625 0.46217105312499995 0.3432017546875 0.47313596562500004 0.3440241234375 0.4744152046875 0.345668859375 0.46820175468749997 0.348135965625 0.46710526249999995 0.3495065796875 0.47478070156249996 0.35224780624999996 0.47934941562500005 0.3495065796875 0.47459795312499997 0.345668859375 0.47569444375 0.342653509375 0.47898391875 0.341831140625 0.48044590625000005 0.33991228125 0.482456140625 0.339364034375 0.483918128125 0.3368969296875 0.48519736875 0.3360745609375 0.49086257343749995 0.33662280624999996 0.492507309375 0.33415570156249996 0.49195906406249995 0.3297697375 0.49305555625 0.3286732453125 0.494883040625 0.3283991234375 0.49616228125 0.329221490625 0.497989765625 0.332510965625 0.49908625781250004 0.3297697375 0.5005482453125001 0.328125 0.505116959375 0.32730263125 0.5067616953125 0.326206140625 0.50548245625 0.32456140312500004 0.50073099375 0.3240131578125 0.49963450312499996 0.321820175 0.5014619890625001 0.31962719375000004 0.505847953125 0.32099780624999996 0.5100511703125 0.3182565796875 0.5076754390625 0.314418859375 0.509685671875 0.3108552625 0.5127923984375 0.309758771875 0.5142543859375001 0.3103070171875 0.5131578953125 0.314418859375 0.5146198828124999 0.31606359687499996 0.515716375 0.3204495609375 0.5171783624999999 0.32209429843750004 0.515168128125 0.323739034375 0.5140716375000001 0.3267543859375 0.5158991234375 0.32894736875 0.5201023390625 0.330043859375 0.5173611109375 0.33168859687499996 0.5168128656250001 0.3333333328125 0.5173611109375 0.334703946875 0.521564328125 0.335526315625 0.5239400578125 0.3338815796875 0.52266081875 0.3303179828125 0.5239400578125 0.3294956140625 0.5255847953125 0.3294956140625 0.527046784375 0.3327850875 0.5294225140625 0.3330592109375 0.53051900625 0.33168859687499996 0.5314327484375 0.3283991234375 0.5334429828125 0.326206140625 0.531615496875 0.3234649125 0.5314327484375 0.321546053125 0.5330774859375 0.319901315625 0.540935671875 0.31853070156249996 0.540935671875 0.3141447375 0.5416666671875 0.3155153515625 0.544956140625 0.3157894734375 0.546418128125 0.3138706140625 0.5486111109375 0.3127741234375 0.5526315796875 0.31332236875 0.555921053125 0.311403509375 0.5606725140625 0.3119517546875 0.5625 0.3103070171875 0.56176900625 0.3072916671875 0.5625 0.3056469296875 0.5645102343749999 0.3048245609375 0.568347953125 0.3072916671875 0.570723684375 0.304276315625 0.5736476609375 0.3026315796875 0.5747441515625 0.3009868421875 0.5767543859375001 0.30043859687499996 0.578216375 0.297971490625 0.583150584375 0.2938596484375 0.5849780703125 0.2938596484375 0.58753655 0.2952302625 0.5891812859375001 0.2946820171875 0.5917397656250001 0.29084429843750004 0.58826754375 0.2870065796875 0.5873538015624999 0.283168859375 0.5877192984375 0.2817982453125 0.5884502921875 0.2828947375 0.588633040625 0.2853618421875 0.5919225140625 0.2853618421875 0.5932017546874999 0.28837719375000004 0.59448099375 0.289473684375 0.5990497078125 0.28837719375000004 0.60709064375 0.2889254390625 0.6151315796875 0.2881030703125 0.6165935671875 0.2834429828125 0.6160453218749999 0.2809758765625 0.61476608125 0.2790570171875 0.6158625734375 0.276864034375 0.6171418125 0.2713815796875 0.6158625734375 0.2678179828125 0.6160453218749999 0.2661732453125 0.6169590640625 0.2650767546875 0.6270102343749999 0.2639802625 0.627741228125 0.2634320171875 0.627741228125 0.2615131578125 0.628472221875 0.2604166671875 0.6317616953125 0.2606907890625 0.634685671875 0.26480263125 0.6385233921875 0.2623355265625 0.6399853796875 0.2639802625 0.6418128656250001 0.264528509375 0.6447368421874999 0.2639802625 0.6463815796875 0.2626096484375 0.651133040625 0.2639802625 0.65387426875 0.2615131578125 0.6560672515625 0.2634320171875 0.6580774859375 0.2639802625 0.66008771875 0.2606907890625 0.662097953125 0.25959429843750004 0.659722221875 0.2587719296875 0.6580774859375 0.256578946875 0.657346490625 0.2579495609375 0.6544225140625 0.259320175 0.652046784375 0.2587719296875 0.650402046875 0.25712719375000004 0.644919590625 0.257401315625 0.6427266078125 0.2557565796875 0.63834064375 0.256578946875 0.6377923984375 0.25548245625 0.6392543859375001 0.2541118421875 0.6396198828124999 0.251918859375 0.638706140625 0.25082236875 0.6370614031249999 0.251096490625 0.63523391875 0.2530153515625 0.6330409359375 0.2530153515625 0.63121345 0.2516447375 0.6268274859375 0.2521929828125 0.6233552625 0.24972587656249998 0.618421053125 0.2505482453125 0.6114766078125 0.248903509375 0.6109283624999999 0.248903509375 0.5917397656250001 0.2502741234375 0.5897295328125 0.251096490625 0.5877192984375 0.2532894734375 0.586257309375 0.2516447375
0 0 0.3360745609375 0.0127467109375 0.3360745609375 0.0208333328125 0.33415570156249996 0.0252192984375 0.335526315625 0.0486111109375 0.33415570156249996 0.0720029234375 0.3349780703125 0.08241959062500001 0.33415570156249996 0.135599415625 0.3379934203125 0.15807748593749998 0.342653509375 0.1703216375 0.34292763125 0.173062865625 0.3440241234375 0.20138888906250002 0.3442982453125 0.20467836250000002 0.34292763125 0.2096125734375 0.3432017546875 0.22167397656249999 0.346491228125 0.23282163749999998 0.346491228125 0.31176900625 0.3700657890625 0.31451023437500003 0.372258771875 0.3313231 0.3719846484375 0.344846490625 0.3733552625 0.35069444375000003 0.3752741234375 0.3572733921875 0.3796600875 0.3611111109375 0.3766447375 0.36330409375 0.373081140625 0.37298976562499997 0.365679825 0.3768274859375 0.3673245609375 0.3927266078125 0.3651315796875 0.4009502921875 0.365679825 0.40277777812500004 0.3651315796875 0.40570175468749997 0.359375 0.40588450312499996 0.356633771875 0.40405701718750003 0.3536184203125 0.40021929843750004 0.35334429843750004 0.3963815796875 0.3560855265625 0.3857821640625 0.3536184203125 0.38103070156249996 0.3434758765625 0.37902046718750004 0.3440241234375 0.265168128125 0.2790570171875 0.2635233921875 0.27576754375 0.2516447375 0.276864034375 0.24817251406250002 0.2807017546875 0.24524853750000003 0.2807017546875 0.24214181250000003 0.2733004390625 0.24214181250000003 0.2713815796875 0.23958333281250002 0.2686403515625 0.20595760156249998 0.2689144734375 0.20047514687499998 0.26644736875 0.078581871875 0.1891447375 0.07602339218750001 0.1842105265625 0.0317982453125 0.1735197375 0.029788010937499998 0.1721491234375 0.0235745609375 0.1721491234375 0.00858918125 0.1685855265625 0 0.174616228125 0 0.3360745609375