0 0.8027812890625 0.63671875 0.8394437421875001 0.63671875 0.8394437421875001 0.462890625 0.8697850828125 0.416015625 0.8710493046875 0.408203125 0.8621997468749999 0.404296875 0.8557383062499999 0.404296875 0.7825537296875 0.40625 0.7711757265625 0.412109375 0.8015170671874999 0.466796875 0.8027812890625 0.63671875
0 0.7218710500000001 0.58984375 0.7256637171875 0.587890625 0.7269279390625 0.5703125 0.7281921625 0.4921875 0.7395701640625 0.46484375 0.7332490515625001 0.453125 0.7016434890625 0.44921875 0.7003792671875 0.447265625 0.6890012640625 0.453125 0.7079646015625001 0.48828125 0.7079646015625001 0.587890625 0.7218710500000001 0.58984375
0 0.65486725625 0.490234375 0.6586599234375 0.48046875 0.666245259375 0.494140625 0.6649810359375 0.5625 0.6687737046875 0.568359375 0.678887484375 0.568359375 0.6826801515625001 0.5625 0.685208596875 0.46875 0.677202275 0.46875 0.6434892546875 0.474609375 0.64222503125 0.55078125 0.653603034375 0.552734375 0.65486725625 0.490234375
0 0.6384323640625 0.47265625 0.6270543609375 0.47265625 0.6257901390625 0.544921875 0.6308470296875 0.548828125 0.6396965859375 0.546875 0.6384323640625 0.47265625
0 0.49051833125 0.4765625 0.48546144062499996 0.47265625 0.479140328125 0.47265625 0.476611884375 0.533203125 0.479140328125 0.544921875 0.48798988593750003 0.546875 0.49051833125 0.4765625
0 0.47029077187499996 0.470703125 0.4627054359375 0.470703125 0.45891276875000003 0.509765625 0.463969659375 0.52734375 0.47029077187499996 0.52734375 0.47029077187499996 0.470703125
0 0.43236409531250003 0.52734375 0.44753476562500005 0.53515625 0.44879898906250004 0.49609375 0.4551201015625 0.470703125 0.4374209859375 0.46484375 0.43109987343749995 0.46484375 0.4247787609375 0.46484375 0.42351453906250003 0.47265625 0.43236409531250003 0.48828125 0.43236409531250003 0.52734375
0 0.2730720609375 0.52734375 0.3046776234375 0.533203125 0.308470290625 0.53125 0.3097345125 0.45703125 0.33881163124999997 0.408203125 0.327433628125 0.40234375 0.27939317343750003 0.400390625 0.27812895000000004 0.400390625 0.24273072031249998 0.40234375 0.24146649843749998 0.408203125 0.27180783750000004 0.458984375 0.2730720609375 0.52734375
0 0.3881163078125 0.537109375 0.40202275624999995 0.529296875 0.403286978125 0.48046875 0.4247787609375 0.451171875 0.38938053125 0.44921875 0.3881163078125 0.447265625 0.3678887484375 0.453125 0.38305941875 0.48046875 0.38305941875 0.529296875 0.3881163078125 0.537109375
1 0 0.1484375 0.08470290781249999 0.19921875 0.1226295828125 0.23046875 0.1681415921875 0.2578125 0.188369153125 0.2578125 0.22503160625000002 0.28125 0.23135271875000002 0.279296875 0.23514538593749998 0.255859375 0.24146649843749998 0.2578125 0.365360303125 0.361328125 0.37673830625 0.38671875 0.3931731984375 0.400390625 0.41340075781249996 0.412109375 0.4247787609375 0.408203125 0.44879898906250004 0.423828125 0.4551201015625 0.44140625 0.47029077187499996 0.451171875 0.4816687734375 0.451171875 0.43489254062500005 0.40625 0.1782553734375 0.19140625 0.1744627046875 0.162109375 0.1554993671875 0.16015625 0.144121365625 0.169921875 0.001264221875 0.05859375 0 0.05859375 0 0.1484375
1 0.9557522125 0.169921875 0.950695321875 0.16796875 0.92414665 0.1953125 0.9178255375000001 0.18359375 0.9178255375000001 0.1953125 0.9127686468749999 0.203125 0.906447534375 0.201171875 0.9039190890625 0.181640625 0.8925410875 0.17578125 0.8900126421874999 0.197265625 0.8659924140624999 0.22265625 0.6573957015625 0.416015625 0.62326169375 0.453125 0.6144121359375 0.455078125 0.615676359375 0.458984375 0.621997471875 0.462890625 0.62958280625 0.453125 0.6510745890625 0.447265625 0.7168141593749999 0.400390625 0.7838179515625 0.34375 0.9936788875 0.1953125 0.9987357781249999 0.189453125 0.9987357781249999 0.12890625 0.9974715546875 0.12890625 0.9873577750000001 0.14453125 0.9772439953125 0.146484375 0.9696586593750001 0.158203125 0.9557522125 0.169921875