0 0.61328125 0.6032210828125 0.6181640625 0.6076134703125 0.6376953125 0.6090775984375 0.6455078125 0.6076134703125 0.6474609375 0.6032210828125 0.6533203125 0.4802342609375 0.65625 0.4816983890625 0.6552734375 0.560761346875 0.658203125 0.5710102484374999 0.6708984375 0.568081990625 0.67578125 0.4802342609375 0.67578125 0.469985359375 0.6708984375 0.4626647140625 0.6640625 0.4612005859375 0.658203125 0.46705710156249997 0.6552734375 0.4612005859375 0.65625 0.41727672031249996 0.6630859375 0.4040995609375 0.6396484375 0.3982430453125 0.6328125 0.3982430453125 0.6259765625 0.3982430453125 0.62109375 0.4040995609375 0.6220703125 0.4304538796875 0.61328125 0.6032210828125
0 0.765625 0.6134699859375 0.779296875 0.6105417281250001 0.7841796875 0.5475841875 0.7861328125 0.4538799421875 0.7763671875 0.4363103953125 0.7705078125 0.4363103953125 0.767578125 0.44802342656249994 0.759765625 0.598828696875 0.759765625 0.6105417281250001 0.765625 0.6134699859375
0 0.2080078125 0.5373352859375 0.2275390625 0.53587115625 0.2333984375 0.40263543124999995 0.2314453125 0.38945827187500004 0.22509765625 0.38945827187500004 0.2109375 0.3923865296875 0.2119140625 0.412884334375 0.2060546875 0.4904831625 0.2080078125 0.5373352859375
0 0.4609375 0.5578330890625 0.4716796875 0.5563689609375 0.47265625 0.5505124453125 0.4765625 0.4363103953125 0.47135449218750003 0.4363103953125 0.4609375 0.4363103953125 0.45703125 0.44509516875 0.453125 0.5519765734375001 0.4609375 0.5578330890625
0 0.333984375 0.5300146406249999 0.33984375 0.43484626718749997 0.3359375 0.4289897515625 0.3291015625 0.4289897515625 0.322265625 0.43484626718749997 0.318359375 0.5241581265625 0.3212890625 0.5329428984375 0.333984375 0.5300146406249999
0 0.130859375 0.5109809656250001 0.134765625 0.40263543124999995 0.1337890625 0.40263543124999995 0.1201171875 0.40702781874999994 0.115234375 0.50219619375 0.1181640625 0.5139092234375 0.130859375 0.5109809656250001
0 0.5107421875 0.541727671875 0.513671875 0.45973645625000004 0.509765625 0.4568081984375 0.501953125 0.4568081984375 0.4970703125 0.5431918015625 0.5029296875 0.5475841875 0.509765625 0.5461200578125001 0.5107421875 0.541727671875
0 0.8154296875 0.5827232796875 0.818359375 0.5710102484374999 0.8203125 0.48901903437499994 0.8154296875 0.48462664687499996 0.810546875 0.48462664687499996 0.8037109375 0.48901903437499994 0.80078125 0.5812591515625 0.8056640625 0.5841874078125 0.8154296875 0.5827232796875
0 0.990234375 0.6266471453125 0.9990234375 0.6237188875 0.9990234375 0.47437774531250004 0.994140625 0.47437774531250004 0.9853515625 0.477306003125 0.98046875 0.5929721812500001 0.98046875 0.6222547578125 0.990234375 0.6266471453125
1 0.392578125 0.3089311859375 0.3623046875 0.31918008750000004 0.283203125 0.33089311875 0.26953125 0.3396778921875 0.2236328125 0.34992679375 0.171875 0.3572474375 0.2255859375 0.36017569531250004 0.28515625 0.34260615 0.36328125 0.3338213765625 0.3935546875 0.323572475 0.4736328125 0.31185944375 0.4931640625 0.3045388 0.513671875 0.3045388 0.517578125 0.3103953140625 0.525390625 0.3016105421875 0.564453125 0.29282576875 0.587890625 0.2957540265625 0.5947265625 0.28843338281249997 0.615234375 0.2840409953125 0.67578125 0.2811127375 0.681640625 0.272327965625 0.7392578125 0.26647145 0.7490234375 0.260614934375 0.759765625 0.2620790625 0.7763671875 0.256222546875 0.78515625 0.2591508046875 0.90625 0.234260615625 0.9208984375 0.234260615625 0.923828125 0.2386530015625 0.9365234375 0.23572474375 0.94140625 0.2269399703125 0.96484375 0.2254758421875 0.970703125 0.2313323578125 0.9990234375 0.2240117125 0.9990234375 0.1932650078125 0.99609375 0.1932650078125 0.787109375 0.234260615625 0.6884765625 0.248901903125 0.6630859375 0.2576866765625 0.392578125 0.3089311859375
1 0.572265625 0 0.541015625 0.013177159375 0.5146484375 0.0336749640625 0.408203125 0.09077598906249999 0.40234375 0.089311859375 0.3994140625 0.096632503125 0.36328125 0.11566617812499999 0.345703125 0.12005856562499999 0.2333984375 0.1859443625 0.2138671875 0.1932650078125 0.193359375 0.209370425 0.18359375 0.210834553125 0.11328125 0.25036603281250003 0.0869140625 0.2708638359375 0.0966796875 0.272327965625 0.1064453125 0.26500732031249996 0.111328125 0.2708638359375 0.1171875 0.2620790625 0.1328125 0.2518301609375 0.142578125 0.25036603281250003 0.1640625 0.234260615625 0.201171875 0.2181551984375 0.2275390625 0.20058565156250002 0.25 0.191800878125 0.251953125 0.1874084921875 0.267578125 0.19033675 0.2705078125 0.18887262031250002 0.26953125 0.18301610468750001 0.283203125 0.18301610468750001 0.2861328125 0.1800878484375 0.28125 0.177159590625 0.283203125 0.171303075 0.298828125 0.172767203125 0.291015625 0.1698389453125 0.3125 0.1551976578125 0.330078125 0.1508052703125 0.3525390625 0.1317715953125 0.603515625 0 0.5983076171875 0 0.572265625 0
1 0.3447265625 0.15959004375000002 0.3447265625 0.16398242968750001 0.349609375 0.1625183015625 0.34765625 0.1683748171875 0.357421875 0.1698389453125 0.376953125 0.1551976578125 0.412109375 0.1420204984375 0.609375 0.0468521234375 0.6240234375 0.043923865625 0.62890625 0.036603220312500004 0.6259765625 0.03074670625 0.642578125 0.029282576562500003 0.6484375 0.0234260609375 0.638671875 0.0234260609375 0.5947265625 0.0409956078125 0.4892578125 0.0937042453125 0.4453125 0.10980966249999999 0.3486328125 0.1610541734375 0.3447265625 0.15959004375000002
1 0.2412109375 0.21229868281250003 0.189453125 0.23279648593750002 0.171875 0.24450951718749997 0.166015625 0.256222546875 0.19921875 0.2430453875 0.2421875 0.2181551984375 0.251953125 0.2196193265625 0.259765625 0.2064421671875 0.279296875 0.20058565156250002 0.283203125 0.1932650078125 0.2939453125 0.18887262031250002 0.291015625 0.1874084921875 0.28515625 0.1874084921875 0.26953125 0.18887262031250002 0.2607421875 0.20058565156250002 0.251953125 0.2020497796875 0.2412109375 0.21229868281250003
1 0.310546875 0.184480234375 0.3134765625 0.177159590625 0.3251953125 0.172767203125 0.3203125 0.171303075 0.31494140625 0.171303075 0.3017578125 0.172767203125 0.2978515625 0.1756954609375 0.296875 0.184480234375 0.310546875 0.184480234375